a 00001 1     1
b 00010 1     11
c 00011 11    1
d 00100 1     11
e 00101 1     111
f 00110 11    11
g 00111 111   1
h 01000 1     11
i 01001 1     111
j 01010 1     1111 
k 01011 11    111
l 01100 11    11
m 01101 11    111
n 01110 111   11
o 01111 1111  1    1111
p 10000 1     1
q 10001 1     11
r 10010 1     111
s 10011 11    11
t 10100 1     111
u 10101 1     1111
v 10110 11    111
w 10111 111   11   1111
x 11000 11    1
y 11001 11    11
z 11010 11    111
  11011 11    11   1111 
  11100 111   1    
  11101 111   11   1111
  11110 1111  1    1111
  11111 11111 0    1111
